Wavenumber,Intensity
49.6175171592811,0.0
54.2174181651357,684.873216197072
58.8130665568496,1600.98783839315
63.4084567382005,1774.9578296641
68.001593506042,976.015980256586
72.5904855690532,31.2951276801386
77.1791214561712,-796.168614344333
81.7635178992367,-1004.02957843367
86.3476595181077,-785.796644600974
90.9295559912266,-421.323968384775
95.5072208945125,-307.655799134602
100.08463299455,-255.712650859139
104.657818762206,-536.455996842018
109.230753069329,-527.514646571617
113.799466272233,-575.834644339935
118.367929353743,-684.832953634002
122.932176549923,-616.361867748956
127.496174960283,-556.705896537776
132.055962694953,-400.545718949121
136.613523632817,-396.84834399218
141.170837781416,-425.576282581994
145.723949050925,-336.679348132009
150.276814857874,-168.730098518326
154.825482972344,-281.486656882833
159.371932429536,-186.478059599254
163.918138407468,-48.2327189060825
168.460154455076,-34.4111484782488
172.99995670995,88.643308937234
177.539517460955,103.658372491968
182.074896023219,305.63217443213
186.608065643083,475.564181319482
191.139027933942,560.453413194575
195.669751342448,898.29925068051
200.196302852075,880.099984806655
204.720651864164,1158.85502129444
209.242799985836,1303.56339194391
213.762748822652,1005.2241314766
218.282462034375,667.836532749301
222.798016158274,503.399104129177
227.311375805329,421.911165599412
231.822542574865,593.371763497251
236.331518064654,479.779947045735
240.838303870915,379.134768346598
245.342901588316,291.435282373203
249.84531280998,230.680546963476
254.345539127482,264.869622812874
258.843582130852,279.001573467352
263.339443408578,190.075465316368
267.833124547609,101.090367585885
272.324627133353,85.045352331409
276.813952749682,258.939494431023
281.301102978934,70.7718715784604
285.786079401912,192.541564276175
290.26888359789,291.247655828443
294.74951714461,352.889232334476
299.227981618288,424.465382681546
303.704278593615,569.975198538135
308.178409643757,432.417774347103
312.650376340357,346.792207318856
317.12018025354,389.097597424554
321.585882655176,288.333394827688
326.051366643646,200.49804108857
330.514692549287,66.5909612803889
334.975861936163,25.61126634841
339.432939816892,-57.441456435763
343.889801787487,-106.569005373632
348.344511921765,-49.7718198823259
352.797071777758,35.9492218500172
357.245550098021,-2.39128956471995
361.69381499792,65.2972537376318
366.139934283932,46.0287087140896
370.581979488893,33.8004659597163
375.023813132094,284.608333003469
379.463505812326,739.449734969052
383.899131846665,946.322047640583
388.334548170462,984.2211927372
392.767828168776,1038.14457638701
397.197048936897,1113.08957146621
401.626061838341,1000.05218946472
406.05102044226,798.030270752974
410.475772404585,434.019873202255
414.896474993455,272.018831309388
419.316972162571,317.023238630257
423.733424873723,262.030934285553
428.149673383724,322.038036880338
432.561882342695,233.04240059624
436.973888315889,465.040158513146
441.381859636449,452.029190250585
445.787714886448,418.00608055734
450.19336896757,356.96740168498
454.59499572715,311.911090730929
458.996422525201,351.833271099194
463.393826878842,341.731931005328
467.789122765544,400.603668409183
472.184220495617,359.44504297269
476.57530308057,400.254138629052
480.964281743147,412.027545592088
485.35115799508,530.762359128017
489.737838485703,693.455105610034
494.120513533703,531.104031831776
498.501090698233,554.705699606306
502.879571485242,627.257237756838
507.257858893601,457.755118987937
511.632150528221,368.197792802233
516.004350295186,478.581772175344
520.374459694693,331.904219166394
524.742480225503,310.162304092784
529.108413384947,380.353205510362
533.472260668923,375.474110193652
537.834023571902,413.52221311611
542.195597823612,395.493819454685
546.55319553806,422.387901801604
550.908713347011,510.200815098508
555.262152739234,363.929786921805
559.613515202081,367.572052948895
563.96280222148,162.124856938724
568.310015281947,217.58545071238
572.655155866581,287.951094133746
576.998225457064,175.219055090176
581.33733941187,316.387862638201
585.676272351896,205.452339729773
590.013138733718,56.4109871422115
594.347940033384,212.261104661185
598.680677725536,0.0
603.011353283411,181.128945423718
607.339968178846,153.169604870212
611.666523882275,241.149821473103
615.989142910083,221.100646390591
620.311585528534,250.043628773275
624.631973357263,504.009223145365
628.950307861124,566.024964888604
633.264715119982,726.123249231597
637.578948253866,554.321969095782
641.891132448453,361.652972381099
646.20126916304,439.143489604719
650.507488030844,384.827072846063
654.813535046007,519.718342400045
659.117538950113,487.850351779211
663.417632034668,386.257399064949
667.71755496291,308.95189934182
672.013571746036,262.97564771386
676.30941949992,249.339706882186
680.603231396527,218.078376435708
684.893144145148,362.226968720713
689.182889549686,558.794692896307
693.468740460659,491.825690426196
697.754425147203,653.328050884254
702.036219986631,599.346694404201
706.317849718331,511.888683182908
710.595594241408,545.99962545897
714.873174770513,632.685647746104
719.14687472155,593.992956329438
723.420411789434,747.926833221082
727.690072901883,829.533993198816
731.957717179985,826.829769412118
736.225200235556,907.828881178486
740.488814254329,675.578639162776
744.750415721377,553.093737503
749.011857619954,414.388390461743
753.269437382649,406.5103059369
757.525008864125,315.473640806787
761.780422424655,189.292204905034
766.03198073256,54.0139063810439
770.281535017676,61.6524657517421
774.529086696599,134.232884004216
778.774637184592,125.780091642709
783.02003248291,-55.6925542087065
787.261583960946,66.8627551409245
791.501138486454,10.4592348812839
795.738697469372,53.121535209244
799.974262318311,108.874236664245
804.207834440555,57.7418502919327
808.439415242066,209.748817807841
812.670844647465,267.908320762602
816.898446155837,264.267131723801
821.12406055404,597.838217889743
825.347689242753,805.645745252588
829.569333621342,670.713811286189
833.788995087856,616.066445107099
838.006675039031,578.727607635571
842.222374870294,824.721191755825
846.436095975758,629.071022476282
850.647839748232,234.800857089147
854.855777674539,185.94423612894
859.063571812424,298.504889421786
863.2693927873,527.516403551053
867.473241986757,543.002266562722
871.675120797081,416.985899579329
875.875030603263,504.490656957516
880.072972788995,776.53982644501
884.267124826359,516.16493011342
888.461136771065,286.372259523903
892.653185238024,230.193456174602
896.843271605751,166.651542969825
901.031397251474,105.769476984875
905.215743904386,152.577041141481
909.399953083618,226.08296656223
913.582205664202,178.317207119766
917.760685922295,136.3083850437
921.939030269747,142.066935540803
926.115422130352,91.6216823538562
930.288048321888,0.0
934.460540159659,-5.17518202298015
938.629270754292,121.724274995577
942.797868029593,44.6887306440894
946.964519645288,89.723044785218
951.127416643223,127.831955623016
955.29018186849,50.0060044222373
959.449196883284,181.254620763009
963.608081153057,272.568467090823
967.763219612218,237.956851068859
971.918228351304,400.41055637948
976.069495672225,334.938768717508
980.220634295326,566.532393057052
984.368035885313,1082.20049307441
988.51350705412,1600.93854352507
992.658851053339,2253.7421407099
996.800464582716,3389.62016519924
1000.94015173014,4442.56818251261
1005.07971323019,4451.58187979012
1009.21555080712,3904.66995439008
1013.34946603007,4298.82806265619
1017.48325712186,4085.05198262531
1021.61333082077,3011.35022834162
1025.74148618243,2143.71854703113
1029.86772454308,1769.1569514555
1033.99384078485,1356.66134092884
1038.11624831483,1450.23998493336
1042.23674284564,1316.88875195398
1046.35532570856,1067.60765408116
1050.47199823364,1167.3967032388
1054.58676174968,1165.25591118472
1058.70140614539,1145.18135931657
1062.81235479595,1317.18094998023
1066.9213984171,1289.2507337189
1071.02853833272,1525.39072163089
1075.13377586549,2119.60092465082
1079.23711233683,2233.88135355016
1083.33854906697,1407.23201893767
1087.4380873749,792.652931259898
1091.53572857838,554.144100801619
1095.63147399398,536.705537686386
1099.72532493703,415.337251876919
1103.81728272165,472.039253175633
1107.90734866073,519.811551225097
1111.99374623606,569.657688459685
1116.08003323942,513.570577714012
1120.16443232811,446.553791688433
1124.24694481019,552.60733939087
1128.32757199251,694.731229671757
1132.40631518072,814.925471224458
1136.48140276928,824.193421968646
1140.55638269943,841.528360909273
1144.62948254459,891.933676260667
1148.70070360561,1136.40937609272
1152.76827754066,1007.95869525588
1156.83574574687,1115.57515701666
1160.90133906366,1136.26202653787
1164.96505878707,1195.01931127326
1169.02513982999,1383.85012295792
1173.08511706355,1530.74822923523
1177.14145982835,1892.71981534092
1181.19769973964,2217.75877113405
1185.25207251874,2029.86817711958
1189.30281713405,1651.05099108992
1193.35346032502,1581.30128628861
1197.40047954646,1612.62494081449
1201.44739829318,1702.0161501888
1205.49069725765,1806.48066962515
1209.53389669452,2050.01281694544
1213.57348052949,2440.61822445918
1217.61296578149,2939.29133231087
1221.648839605,3876.03764988796
1225.68461578769,4257.85173967849
1229.71678470838,4341.73898813098
1233.7471034929,3748.69669413003
1237.77732604509,3811.72227906981
1241.80394757163,3666.82094497445
1245.82872277832,3637.99008228563
1249.85340315567,3743.22720398005
1253.87448872821,4321.53732762512
1257.89373178674,4536.91793524189
1261.91288141339,4679.36663140958
1265.92844244065,4432.88824920993
1269.9421647493,4510.48036226386
1273.95404960195,4342.14297404835
1277.96584287741,4128.873811303
1281.97405580314,3808.67746109828
1285.98043505439,3571.55161921287
1289.98498188918,3364.49628856282
1293.98769756436,3290.51147192498
1297.98858333566,3360.59717193748
1301.98764045764,3342.75339110012
1305.98487018373,3417.98013177478
1309.98027376618,3550.27739618582
1313.97385245615,3714.64518642054
1317.96560750361,3948.08350442954
1321.95727602403,3991.59041300554
1325.94365166527,4185.17173089191
1329.92994327374,4634.82164256682
1333.91441622826,5025.54208845988
1337.89707177312,4967.33306984449
1341.87791115149,4682.19458785977
1345.85693560539,4371.12664351106
1349.83414637571,4567.12923767025
1353.80954470222,5322.20237107626
1357.78313182356,6940.34604433534
1361.75490897721,7999.56025792158
1365.7231502173,7510.84661356567
1369.6913119299,6030.20187800488
1373.65766738005,4365.62768340415
1377.62221780075,3368.12402971273
1381.58324038319,2896.692395365
1385.54418522366,2643.32979212313
1389.50332872643,2644.0377288588
1393.46067212004,2642.81620500279
1397.41449572419,2750.66657570205
1401.36824336256,2628.58609774565
1405.32019457011,2579.57615672
1409.26863200729,2495.63801531779
1413.21699480468,2531.76911408856
1417.1618478359,2403.97194856628
1421.10662710838,2475.24408179542
1425.04790061234,2685.58788631259
1428.9891012363,2759.00104765364
1432.92680008284,2836.48581536487
1436.86442692581,3087.0399974691
1440.79855597594,3032.66572053022
1444.73261389665,3176.36091505271
1448.66317800258,3041.12758462685
1452.59367185094,3314.96378223259
1456.52067585607,3309.87138849624
1460.44761047321,3452.84857886615
1464.37105921218,3533.89711101514
1468.29273251467,3638.01608641702
1472.21433772918,3839.20472910763
1476.13246300056,4133.46461236442
1480.04881644727,4436.79492931644
1483.96339927092,4939.19567653757
1487.87791573195,6508.66620024318
1491.78896014034,8736.20782790364
1495.69823752444,9677.81987483642
1499.60574908151,7550.50233713871
1503.5131959923,5311.25468318531
1507.41717871526,4716.07799469648
1511.31939919697,4508.97170915881
1515.21985863037,4580.93582219865
1519.11855820731,4591.97032932553
1523.01549911857,4909.07522593252
1526.91068255386,4916.25050729664
1530.80410970181,4980.49616857918
1534.69578174999,5091.81220482605
1538.58569988489,5109.19861096816
1542.47386529194,5506.65538182179
1546.36027915548,5943.18251208888
1550.2449426588,6678.77999635745
1554.12785698414,7257.44782910193
1558.00902331264,7825.18600468349
1561.88844282441,8340.99451735042
1565.76611669846,9883.87336123849
1569.64204611279,12253.8225303712
1573.5162322443,13860.8420186604
1577.38867626883,12115.9318199062
1581.2593793612,8351.09192779765
1585.12665871856,5892.3222203098
1588.9938842234,4442.62289151607
1592.85937231361,3965.99384977472
1596.72312415979,3384.43508833372
1600.58345997804,2789.94636235552
1604.44374359828,2385.52811023275
1608.3022944794,2191.18011750212
1612.15743509634,1892.90204725554
1616.01252475042,1526.69452105859
1619.8658851609,1442.55723237017
1623.71584105694,1078.48975224345
1627.56574722046,919.492885362883
1631.41392762647,904.566233140911
1635.25870925388,688.709274625078
1639.10344237425,745.922997562007
1642.94478053191,652.206337126916
1646.78607099681,485.560403066302
1650.62397030872,417.984008148385
1654.46182274001,349.478384092496
1658.29628782189,313.042221289903
1662.13070683318,151.676873404986
1665.9617422925,293.380908482841
1669.79106503861,174.155014145636
1673.62034292512,0.0
1677.44624294393,171.404379875383
1681.27209890788,173.822706177727
1685.09458078629,133.195002076534
1688.91535568364,74.4657104944763
1692.73608772921,80.5809903405207
1696.55345135067,121.47896822722
1700.36911141798,126.105748811988
1704.18306907123,289.405103137255
1707.99698546943,272.32496078678
1711.80754097057,160.801603974835
1715.61639747235,238.783003345434
1719.42355611081,195.213524621458
1723.22901802097,282.037681354519
1727.03278433685,262.200134596298
1730.83485619145,366.645692570768
1734.63688956513,307.324436380843
1738.43557515536,263.171279026146
1742.23256967776,211.136507026826
1746.0278742613,258.165514095232
1749.82149003395,330.203839487434
1753.61341812267,311.197167679655
1757.40365965342,370.091328045564
1761.19221575117,274.832294534121
1764.97908753987,193.366185348264
1768.76262790741,62.6344173009493
1772.54613517826,338.593235370916
1776.32796150547,286.184217945052
1780.10810800901,102.354056980594
1783.88657580785,207.049587092773
1787.66336601997,202.217785237703
1791.43847976236,254.805770395984
1795.21027503193,91.7574839357658
1798.98203991083,218.027276596113
1802.75213166454,268.559085021499
1806.52055140609,234.300593079297
1810.28566004103,323.197682306072
1814.05073982043,371.202603633383
1817.81415092037,232.261140238248
1821.57425642272,192.320863249057
1825.33433421558,227.33196929133
1829.09274665282,149.241861564564
1832.84785898831,0.0
1836.60294475588,151.126590840922
1840.35473407804,71.1783249540458
1844.10649759077,118.153672114877
1847.85496830859,80.0545631608966
1851.6034139735,36.8793357926406
1855.34857048819,76.6300513902806
1859.09370270452,115.304916163532
1862.8355494095,134.906121456881
1866.57737256871,55.431742571207
1870.31591384965,35.88410023908
1874.05443233543,102.261139432361
1877.78967257026,123.565309697602
1881.52326428037,169.795649147407
1885.25683431746,214.951066894124
1888.98713153338,132.034204619573
1892.71578349549,133.044002891242
1896.44441490235,89.97927413459
1900.16977890485,79.8428508870948
1903.89350091582,127.633576819291
1907.61558202059,178.35161418186
1911.33602330356,197.997124924736
1915.0564458844,77.5687617657841
1918.77361005977,139.069672492695
1922.48913766126,83.4985407209151
1926.20302976943,13.8555272028661
1929.91528746392,-24.8592076069563
1933.6259118234,-3.64550355142637
1937.33490392559,-29.503200770223
1941.04226484726,67.5678603007218
1944.74799566426,189.567838929788
1948.45209745147,112.496894090231
1952.15457128282,115.355184460721
1955.85541823131,142.142868425919
1959.554639369,53.8601040770154
1963.252235767,149.50704921229
1966.94820849547,97.0838613376709
1970.64255862366,214.590697667263
1974.33528721984,64.0277151239297
1978.02639535139,63.3950703398168
1981.71588408471,111.692919656898
1985.40214792235,38.9235132924478
1989.0884017592,176.082848796024
1992.773039391,151.173145623559
1996.45606188045,156.194558961968
2000.13747028929,111.14724371074
2003.81566263278,166.033598539019
2007.49384676409,256.849319438796
2011.17041999402,318.596774661071
2014.84378243977,250.278451140464
2018.51713774086,168.889865566853
2022.18888531143,303.433474661088
2025.85742736654,383.911853026955
2029.52596334032,221.320339260408
2033.19129730394,368.663958333666
2036.85662589275,341.937930789822
2040.5187559712,307.147398261463
2044.18088137951,296.28746377077
2047.83981177174,317.363385083971
2051.49873819667,380.370148232298
2055.15447309432,503.313126590869
2058.81020472566,499.187189727953
2062.46274831303,415.997826104718
2066.11369815934,326.742530514744
2069.76464578735,375.41868249773
2073.4124105857,314.031942155443
2077.06017386219,311.576890208478
2080.70475777867,309.059300546076
2084.34775316034,448.476523014515
2087.98916104556,321.828705582357
2091.63056879617,335.11305561281
2095.268804109,468.335572999211
2098.90545503544,380.493492814318
2102.54052261023,214.586961934623
2106.17400786718,279.616126964898
2109.8074947134,233.578053577525
2113.43781774396,316.479021285675
2117.06656155323,307.31612315649
2120.69372717147,85.0895047128761
2124.31931562801,126.79931120859
2127.9433279513,356.445687628684
2131.56576516888,176.028778690086
2135.18662830743,40.5487288420227
2138.80591839271,114.00568226659
2142.4236364496,204.399782879213
2146.03978350208,97.7311743291466
2149.65436057325,0.0
2153.26736868532,153.201601983426
2156.87880885961,36.3325285663304
2160.48868211656,159.394728507739
2164.09541688413,83.393649241385
2167.7021600461,343.324250235322
2171.30733934629,169.191940369416
2174.91095580159,79.9986486712514
2178.51301042803,103.746299261458
2182.11193505413,0.440445804841147
2185.7108697471,157.075757415703
2189.30824565355,-12.3422464905943
2192.90406378596,99.1883386862883
2196.49675868534,148.673136772146
2200.08946498168,11.1066148539921
2203.68061653581,158.494365912484
2207.26864991835,271.84205783457
2210.85669569084,141.144023658404
2214.44162665925,161.409720537678
2218.02657067738,192.63340040382
2221.60840325369,234.824579100487
2225.19024953777,115.977434015031
2228.76898773708,260.101533217347
2232.34774030049,202.190986079893
2235.92338813096,219.255406468061
2239.49905098014,282.288842235293
2243.07161244301,406.300946644731
2246.64418957749,234.285712493391
2250.21366866708,170.252826077143
2253.78160840131,369.20018355866
2257.34956478326,285.125641956884
2260.91442812237,171.03892525144
2264.47775509069,298.937888573641
2268.03954668121,183.824334405412
2271.6013562149,315.696079333185
2275.16007935686,268.56287560994
2278.71727009531,172.422534869647
2282.27292941981,303.276841124427
2285.82860797618,123.123583186918
2289.38120677135,244.972516711397
2292.93227711663,240.821422524748
2296.48181999821,286.672066327528
2300.0298364014,265.52620926748
2303.57632731069,236.385607949331
2307.12129370971,266.252014444497
2310.66473658126,195.127176300884
2314.20665690726,88.0128365525779
2317.74705566883,220.910733729565
2321.28593384621,225.822601867361
2324.82329241883,267.750170516738
2328.35913236526,362.695164753308
2331.89345466323,447.659305187164
2335.42626028964,283.644307972458
2338.95755022054,304.651884817007
2342.48578639124,277.687648547348
2346.0140485159,439.745479193678
2349.54079786778,527.830991700253
2353.06603541958,672.945880086729
2356.5897621432,717.091833973953
2360.11044326498,547.274378264998
2363.63115190236,698.487499086692
2367.15035262177,573.736727243209
2370.666512619,440.027526201853
2374.18270106387,427.353963475809
2377.69738449352,320.72151067999
2381.2090320694,323.135563394664
2384.72070902131,307.590283691725
2388.22935335857,264.094773834575
2391.7380276887,98.6432661962153
2395.24520182487,144.241119396402
2398.74934819611,253.893601674936
2402.25352548255,280.595061689219
2405.75467823077,245.354365081737
2409.25586250701,178.165945199531
2412.7540254668,297.038563136934
2416.2506952939,118.970249714072
2419.7473975652,140.959134620263
2423.24108334305,-45.9861883784579
2426.73327885351,114.13237515905
2430.22550772075,117.31302697946
2433.71472490646,-22.4358190121202
2437.20245468275,99.8840016431859
2440.69021872481,339.270769079958
2444.17497588622,250.732704908203
2447.65824848887,335.268049951177
2451.14003748124,382.878376535387
2454.62034381098,262.565252852879
2458.10068591347,236.32710360915
2461.57802911183,364.171802577335
2465.0538924861,266.097731814714
2468.52827698072,224.106443062285
2472.00118353931,277.199483970782
2475.4726131047,90.3783981095003
2478.94256661893,67.6447249750199
2482.41104502321,0.0
2485.87804925796,26.4390861329157
2489.34358026282,53.9550589002611
2492.80763897662,114.54677166122
2496.27022633737,186.21308057326
2499.73134328232,256.952844586262
2503.1909907479,181.764925436697
2506.64916966975,139.64818764178
2510.10588098273,186.601498493665
2513.55961841672,226.626321291784
2517.01339795261,168.716313052393
2520.46571267901,296.872972417885
2523.91656352758,214.095177721023
2527.36444677955,241.384288897636
2530.81237330205,457.734204673268
2534.25883873663,305.146318323339
2537.70384401182,370.619519129172
2541.14588795367,541.155071351748
2544.58797632856,535.747099753864
2548.02710649427,591.39922180786
2551.46628167192,800.105669454508
2554.90400132022,729.867692353087
2558.338767437,739.686445875532
2561.77357943131,752.556315509008
2565.2054410064,969.480689740411
2568.63734903414,802.454051620136
2572.06630975023,788.479704671725
2575.49531749259,608.552225696023
2578.92138102615,653.674837011957
2582.34599766086,586.844303784874
2585.77066217939,523.057475645028
2589.19238713424,499.317460119693
2592.61266793749,515.621092363968
2596.03299747875,526.965286380182
2599.45039209088,564.353043256235
2602.86634529171,427.781263881236
2606.28234808137,569.246922415261
2609.69542056595,363.752921797462
2613.1070543726,449.296224426545
2616.51725041077,223.875782155021
2619.92600958916,413.490549426038
2623.33481976691,139.137591376797
2626.74070732254,157.81966563029
2630.14516074027,50.5338277930405
2633.54818092571,-95.7209573821783
2636.94976878375,150.054277421075
2640.34992521847,-3.1414979224428
2643.74865113324,-38.3093109850088
2647.14594743063,21.5498132087323
2650.54181501248,-29.5651478235632
2653.93625477985,61.3447859727657
2657.32926763306,49.2785971840622
2660.72085447166,120.235270923071
2664.11101619445,235.21379482366
2667.49975369947,68.2131590355439
2670.88558966352,109.234089621739
2674.2714820448,132.27210694303
2677.65595289753,288.327950504316
2681.03900311673,246.400620465163
2684.4206335967,160.489119474809
2687.79937010969,54.5941504337643
2691.17816440975,69.7113195957336
2694.55554164851,195.841341071831
2697.93002945075,106.984909002385
2701.3045758576,128.137670700869
2704.67770787438,28.3003301927747
2708.04795497488,312.473576675291
2711.41826149431,369.653090738744
2714.78568610506,445.841233337895
2718.15317067581,664.033702951314
2721.51777634097,822.232854089327
2724.88244250577,967.434399703121
2728.24423276356,967.64069122505
2731.60608405921,926.847452680333
2734.96506244194,1112.05703577297
2738.32410239934,1030.26517222063
2741.68027243339,1108.47421733178
2745.03650457752,1301.67990715184
2748.3898697834,1397.88460390992
2751.7418341993,1640.08570446263
2755.09239870276,1822.28226378574
2758.44302638277,1827.47167460781
2761.79079308066,1879.65632287793
2765.13716249471,1546.83360865821
2768.48213549952,1492.00259638999
2771.82717274178,1399.16067375402
2775.16935494021,1436.31026348238
2778.51014334924,1213.44876218431
2781.84953884058,1144.57524368781
2785.18754228519,1111.68878415511
2788.5241545533,1148.78846207769
2791.85937651445,1207.8733582715
2795.19320903743,1502.94255587206
2798.52565299029,1521.99514032961
2801.85670924039,1647.03019940432
2805.18637865436,1666.04682316141
2808.5146620981,1436.04410396635
2811.84156043678,1404.0211364801
2815.16707453487,1249.97701765423
2818.49120525612,1117.91084672622
2821.81395346355,996.821725214646
2825.13532001946,776.708756914388
2828.45530578545,1011.57104789193
2831.77246275057,1017.40953025719
2835.08969012064,1128.21967882768
2838.40553928089,1071.00241884435
2841.72001109004,1020.75686541165
2845.03165993988,925.48400907177
2848.34338022071,1004.17923635767
2851.65372572198,1223.84352935944
2854.96125263354,1252.47792642656
2858.26885174204,1501.07773975348
2861.57507863612,1638.64399806076
2864.87849130036,1615.17779089157
2868.18197692445,1515.67434919441
2871.48265121965,1563.136742089
2874.78339898161,1392.56014255267
2878.08133831133,1219.9476880008
2881.37935161338,1079.29449040893
2884.67455937553,1067.60375847426
2887.96984161426,1023.8705401553
2891.26232120113,1005.09811840203
2894.55343826824,920.283586815809
2897.84463056575,845.423967575916
2901.13302453511,766.522660540046
2904.42005851979,889.576711166124
2907.70716848571,916.583089050426
2910.99148443758,996.545317556887
2914.27444293355,1190.46039063549
2917.55604481501,1056.32747500431
2920.83772367419,852.143464975419
2924.11661425636,897.912058758051
2927.39415074444,543.630176438464
2930.6703339771,467.29699326353
2933.94516479225,312.911686600964
2937.21864402716,573.473435934889
2940.49077251838,300.981422861425
2943.76155110178,511.43483108426
2947.03098061254,333.832846410271
2950.29906188515,125.17465674511
2953.56579575341,88.4594520888331
2956.83118305043,175.686424531514
2960.09522460866,308.854768248893
2963.35792125981,237.963679498003
2966.61927383496,260.012356612839
2969.87928316448,0.0
2973.13795007805,219.931869315571
2976.39527540467,174.8137036263
2979.64983781683,316.648129912719
2982.90448303905,231.429680266381
2986.1577891569,480.160960300369
2989.40975699665,585.841892106993
2992.65896756642,606.475191723452
2995.90826190984,640.055216512057
2999.15622044958,681.58466100154
3002.40142594162,577.066308367366
3005.64671592666,599.494384212881
3008.89067257631,792.871650100589
3012.13188039126,1030.20095663922
3015.37317341567,1225.4763970658
3018.61172040866,1461.70377149564
3021.85035308716,1748.87708459373
3025.0862425334,2012.00222623648
3028.32221813993,2037.07311225165
3031.55545330923,2068.09572253627
3034.78736285418,2316.06696706672
3038.0193592692,2331.98366627069
3041.24861943156,2510.8519355489
3044.47796693564,2759.6654674976
3047.70458097184,3306.43046817893
3050.92987345318,3669.14373651921
3054.15384519141,3992.80519999098
3057.37790521083,4001.41154489632
3060.59923731909,4062.96915935803
3063.81925111588,4048.47475288115
3067.0379474103,3888.92825396542
3070.25532701079,3963.32959136591
3073.47279605981,3911.67533873859
3076.68754412051,3964.97211317895
3079.900977909,3385.21651169616
3083.11309823105,3078.40846406091
3086.32390589182,2921.54790029633
3089.53340169578,3000.63475067747
3092.74158644676,2924.66894573065
3095.94846094793,3154.65041623294
3099.15402600179,3139.57909321157
3102.35828241021,3030.45490794338
3105.56123097439,2678.27779195428
3108.76287249487,2730.0476770186
3111.96180930883,2497.76812703202
3115.16083971134,2316.43183375534
3118.35856546753,1912.04233836985
3121.55498737534,1654.59957363812
3124.75010623207,1634.10347256836
3127.94252721982,1428.55771676016
3131.13504293229,1431.95476640302
3134.32625798128,1492.29828022995
3137.51477925163,1619.59201080102
3140.70339592473,1532.82827866529
3143.89071431616,1856.0108134262
3147.07534301032,1846.14343885756
3150.26006778258,2012.21833534569
3153.44210557334,2057.24323980998
3156.62423989091,1859.21023891453
3159.80507988344,1404.12318094025
3162.983236961,1200.98600890194
3166.16149123625,906.790668443347
3169.3370653024,643.545133899041
3172.51134932552,621.245334876874
3175.68573121446,535.887106301636
3178.85743694546,350.478565602474
3182.02785498967,399.01557194437
3185.19837156515,378.493889477926
3188.36621602503,214.921779216618
3191.53277514862,217.295029629991
3194.69943346632,214.609333845632
3197.86342370191,327.873096945565
3201.02613094602,122.082036454163
3204.18755597887,80.2360914225592
3207.34769958003,278.335201133081
3210.50794347407,112.374939803112
3213.66552598863,81.3639536760202
3216.82182940682,205.297841493739
3219.9768545057,132.176543458223
3223.13060206169,0.0
3226.2830728506,128.701739605871
3229.43426764761,217.219311455745
3232.58418722726,138.558676527991
3235.73283236348,199.725781606494
3238.88020382955,204.726559309205
3242.02630239815,88.5669281165901
3245.17112884132,1.25279240004056
3248.31330967603,218.795086204434
3251.45559473738,185.189659390184
3254.59660998536,297.447354234635
3257.73635618952,118.574018961863
3260.87483411878,219.575487828017
3264.01067306039,202.462904994145
3267.1466172979,194.231477566831
3270.28129556324,199.892270989869
3273.41470862287,17.4510639337968
3276.54548797417,111.919123480826
3279.67637347163,201.291234503145
3282.80462789442,41.5841720333046
3285.93298888676,89.7925402292003
3289.06008849569,-50.0724105567424
3292.18456097361,189.000684574081
3295.3091406541,-1.9938036072308
3298.43109582773,141.961152152999
3301.5531586245,-52.1402079597374
3304.67259953481,184.719209612529
3307.79078472686,32.5393076240998
3310.90907817077,-1.6800934947496
3314.02475365143,31.0781625148229
3317.13917568655,14.8138826766481
3320.25370659974,17.5268211428702
3323.36562346443,19.2341530585982
3326.47628915083,-192.064387984026
3329.58706433899,70.6309079757866
3332.69522938496,139.337191470631
3335.8021455144,66.0541447994365
3338.90781347994,135.78725486393
3342.01223403355,-92.4580046675474
3345.11540792665,-77.6761733334206
3348.21869256138,-52.8675639313751
3351.31937484069,4.98479562212924
3354.41881271038,9.88055081879429
3357.51700691944,13.8251095520354
3360.61395821624,1.82386664056685
3363.70966734858,102.882203854675
3366.80413506363,-145.994510057591
3369.89736210799,52.1990806557187
3372.98934922765,-25.5316812234232
3376.07874540557,-129.175950746987
3379.16825545296,69.2605198755282
3382.25652780969,-57.2114136256878
3385.34356321936,-97.5864600830846
3388.42936242498,-116.859341169407
3391.51257711098,-5.01949390586014
3394.59590667508,37.9276890599449
3397.67800226024,-51.0072066950361
3400.75886460709,180.181046058151
3403.83714755536,22.5027438562138
3406.91554618378,-28.0471350722037
3409.9927137919,-62.4582622421476
3413.06730583245,71.2794354500802
3416.14201415185,9.1612624596637
3419.21414945296,38.2020924415374
3422.28640143069,90.3974700449053
3425.35608293575,37.7619695376652
3428.42588151413,-34.7086061604823
3431.49311216183,0.0
3434.56046027851,99.8023481343007
3437.62524300285,128.627955201728
3440.69014359076,229.468440942681
3443.75248132108,147.33321735107
3446.81359791854,75.2183579906814
3449.87483296942,3.11997080143919
3452.93350895776,138.047410470779
3455.99096600261,-10.0032268581563
3459.04720483246,63.9685757906373
3462.1035628985,164.958960567268
3465.15736694927,88.9771994266739
3468.20995496743,173.019421837438
3471.26132767919,91.08613973098
3474.31148581016,-78.8221362159493
3477.36043008538,57.295103421211
3480.40816122932,-46.5616331826332
3483.45467996586,-56.3918390997278
3486.49998701831,100.804991353038
3489.54408310942,2.02936261661125
3492.58696896134,5.28177789228175
3495.62864529565,17.5627391441649
3498.66911283338,40.87274710167
3501.70837229497,88.2123012620104
3504.74642440028,66.5818998926406
3507.78326986861,34.9820400337539
3510.81890941868,48.4132175006998
3513.85201605214,18.8800937867709
3516.88524644657,13.3748143413522
3519.91727307519,41.9020521284201
3522.94809665444,30.4622980891327
3525.97639228944,-8.9398489224568
3529.00481244274,112.687866380782
3532.03203169229,55.3500552024088
3535.05672671749,125.051267201017
3538.08154682628,-91.2161554432932
3541.10516817184,46.5523499310038
3544.12626900505,104.361281901813
3547.14749548488,164.203073382612
3550.16620392245,140.086219972422
3553.18503838069,139.003217188532
3556.20135726329,149.962492427823
3559.21648269343,47.9605382473947
3562.2317347034,113.99391392838
3565.24447483084,84.0709414579396
3568.25734190965,171.18428021167
3571.26769956382,165.342179834364
3574.2768673014,-60.4587875954621
3577.28616254578,105.778020874255
3580.29295204558,105.060743307249
3583.29855374356,97.3860020054726
3586.30296834343,131.754262344264
3589.30619654834,179.165988538505
3592.30955318068,226.617912376683
3595.31041018423,167.11797783273
3598.31008289924,291.662895050749
3601.30857202664,202.253123626457
3604.30587826682,234.889122006696
3607.30200231959,357.571347491737
3610.29694488424,249.300256237588
3613.29070665948,101.076303258267
3616.28328834349,148.899942428119
3619.27469063388,168.771626484095
3622.26491422774,205.691807028023
3625.25395982157,145.660934528893
3628.24182811136,249.679458325136
3631.22721239153,33.7512883481413
3634.21272867365,186.869926122758
3637.19706973605,28.0393012523091
3640.18023627252,3.25985857610067
3643.16222897629,-11.4679581858309
3646.1417437093,193.859642771904
3649.1213913384,207.236381445982
3652.09986721095,-88.3339296912818
3655.07586872564,39.1524280010326
3658.05200366999,254.689310267653
3661.0256666607,13.2836888758848
3663.99946343554,-25.0704880070734
3666.97209190311,199.630470189089
3669.94225201727,64.3901563883446
3672.91254644554,287.202660278041
3675.88037491619,169.07470678563
3678.84703884952,130.0035666355
3681.81383762469,282.986609014884
3684.77817402936,105.030406250848
3687.74264562654,48.1292914747719
3690.70465724061,18.289733407777
3693.66550773903,-25.4908777308174
3696.62649395413,138.784950490655
3699.5850237607,85.1235286174342
3702.54239449813,-100.477679166066
3705.49860684742,4.98174732017651
3708.45366148906,85.5022271871785
3711.40885271622,11.0813807741815
3714.36159347545,38.7252476700542
3717.31317856553,-56.5685809308852
3720.26360866479,-85.7996901726965
3723.21288445106,114.032333742254
3726.1610066016,21.9279035554064
3729.10797579317,140.887430954121
3732.05379270199,179.911326573801
3734.99845800375,0.0
3737.94197237361,86.1341470342995
3740.88433648622,315.294133921288
3743.82555101568,144.479875249388
3746.76561663557,244.69128577274
3749.70324696519,179.930799135031
3752.6410172871,273.193281822048
3755.57764071675,235.481178995095
3758.5131179256,9.79440606807839
3761.44744958463,250.132878619133
3764.37935181989,146.498975736396
3767.31139489107,232.88767566742
3770.24229442187,138.301368829912
3773.17076803878,260.742402019074
3776.09938299504,281.205819647057
3779.0255743731,254.696388619301
3781.95190742493,258.209197086693
3784.87581923102,327.74896900991
3787.79987304441,250.310835985681
3790.72150794124,325.899479319873
3793.64328517799,213.510073763335
3796.56264582414,341.147258255949
3799.48214914193,299.806250412063
3802.39923819185,230.4916470933
3805.31519268629,231.201021660025
3808.23129034821,295.931989666185
3811.14497722004,177.689085397576
3814.05753152046,441.469914272102
3816.97022948218,388.272123471341
3819.88052012436,377.100185346251
3822.78968017457,325.951737047573
3825.69771029149,458.826697796985
3828.60461113331,214.724986973381
3831.5103833577,91.6465241125679
3834.4163002249,250.589018682178
3837.31981669153,225.556821080343
3840.22220651096,182.547630952422
3843.12347033882,127.561368459146
3846.02360883023,237.597953916764
3848.92262263981,-24.3426922032668
3851.82051242165,-20.2606492745399
3854.71727882936,187.844003484011
3857.61165385574,51.9733174120029
3860.50617596551,80.1229429692212
3863.39957665862,215.294941659093
3866.29185658665,137.489234878456
3869.18301640066,142.705744177414
3872.07179054566,194.946472904503
3874.96071257296,213.207169974903
3877.84851643615,294.48984872614
3880.73520278428,368.794431318525
3883.61950801897,385.122883319633
3886.50396177115,330.471031168923
3889.38729995214,292.840850284332
3892.26826042799,313.234278252412
3895.14936989542,270.647198937024
3898.02810392582,264.083555705785
3900.90698726275,391.539270363453
3903.78349742765,290.018249071823
3906.66015721317,355.516451306405
3909.53444608852,430.0377462906
3912.40762552697,399.580080558233
3915.28095505551,465.141437690778
3918.15191706061,488.725632007239
3921.02177155425,467.330638211788
3923.89177660555,612.954467656646
3926.75941751313,409.600880352224
3929.62595283024,540.267878871226
3932.49263917065,270.953502037124
3935.35696474009,390.661456144075
3938.22018663562,486.389771333252
3941.08230549501,657.138372994679
3943.94332195554,692.907186664323
3946.80323665401,667.696138023835
3949.66205022671,423.505152900279
3952.51976330946,813.334157265885
3955.37637653758,617.183077237762
3958.23189054591,694.051839077661
3961.08630596879,932.940369191696
3963.93962344007,755.848594130084
3966.79184359312,622.776440586897
3969.64296706083,586.723835399789
3972.49299447559,367.690705549736
3975.34192646932,408.676978160789
3978.18851540939,379.684327435891
3981.03525893437,335.709178485738
3983.88090893085,456.753214256378
3986.7254660288,494.816362441472
3989.56768450999,308.900264300239
3992.4100581773,451.001412662119
3995.25134083282,338.121457400579
3998.09028819115,383.262015396587
4000.92939118432,393.419629600765
4003.76740504808,451.595925412365
4006.60308692743,426.792495613969
4009.43892488848,615.005932710221
4012.27243306968,532.239485819106
4015.10609762945,447.489780165475
4017.93743461094,580.760032828959
4020.76768716602,453.048525367791
4023.5980965434,308.353571482125
4026.42618163894,292.678340660452
4029.25318417562,383.021138925567
4032.08034397648,201.380304071588
4034.90518278523,278.758958548413
4037.72894089836,214.155432563482
4040.55161893591,75.5696565518429
4043.37445482396,0.0
4046.19497409555,154.461517069536
4049.01441514912,314.963987366591
4051.83277860282,92.5064793526544
4054.65006507432,448.088063571411
4057.46627518082,87.7078126447777
4060.28140953906,177.364801268992
4063.0954687653,225.058106210672
4065.90845347533,194.786806302887
4068.72036428446,468.549982441264
4071.53120180756,375.346717580065
4074.34096665899,440.176096728301
4077.14965945267,576.037206945828
4079.95728080205,578.929137339475
4082.7638313201,458.850979059165
4085.56808138002,693.803156416601
4088.37249254147,717.782090264755
4091.17583470744,897.788221504114
4093.97810848905,795.820649417461
4096.77808613178,952.879760302443
4099.57822544404,624.96207695367
4102.37729820221,614.068000646821
4105.17407805313,655.197893256547
4107.9710199975,703.348345727905
4110.76567118524,694.520969874831
4113.56048474804,741.712398145975
4116.35300970189,500.924210405004
4119.14569731164,386.153077479392
4121.93609845722,532.400550370065
4124.72666253874,437.663335172589
4127.51494229796,495.942957098767
4130.3033852724,692.236154415525
4133.0895460635,569.544429605307
4135.87464850836,598.865722680348
4138.65991458586,743.197998469483
4141.44290168281,828.542731069792
4144.22483224117,796.897884085918
4147.00570686248,985.262595731754
4149.78552614783,983.636006170038
4152.56550975759,1199.01611002635
4155.34321971005,1290.40434919197
4158.11987612735,1211.79871892009
4160.89547960874,1257.19836713282
4163.67003075305,1244.60244368273
4166.44353015863,946.0101003492
4169.21597842339,1093.42049083476
4171.98737614477,1273.83277076149
4174.75772391978,1053.24609766731
4177.52702234496,1118.65963100244
4180.29527201641,1050.07253212574
4183.06247352978,842.483964301089
4185.82741395212,575.894230166641
4188.5925213937,678.300223398584
4191.35658246115,579.70224923263
4194.11959774832,471.099478515976
4196.88156784861,580.491083982883
4199.64128212036,518.877389150373
4202.40116408322,520.255276089152
4205.16000263641,530.625069061163
4207.91658850988,583.987108403882
4210.6733424753,586.338260499133
4213.4278458565,413.680034673127
4216.18251759593,610.009283241401
4218.93494084384,717.327538468782
4221.6875327155,648.63163573374
4224.43787818553,812.923133075832
4227.18839254409,776.198846078763
4229.93666258809,724.460361379999
4232.68510178466,713.704471923804
4235.43129875094,765.932795755833
4238.17646028506,603.143328897037
4240.92058697253,438.335274837107
4243.66488333836,575.506593325379
4246.40694163359,459.658973594915
4249.14796683624,573.790387716177
4251.88795953005,417.900046455276
4254.62812242508,355.985878621015
4257.36605139801,352.04965571892
4260.10294961092,453.089320237459
4262.83881764576,410.104090164241
4265.57365608407,394.093185283522
4268.30746550694,511.05582717281
4271.04024649504,469.991239199466
4273.7719996286,511.898646517315
4276.50272548738,682.77727606328
4279.23242465076,431.626356553992
4281.96109769763,464.445118482432
4284.68754804444,510.23421119798
4287.41417104313,553.99004871977
4290.13976965921,470.713270117833
4292.86434446985,454.403112956225
4295.58789605179,413.058816558612
4298.30923006562,452.681113176292
4301.03073736722,513.266279117353
4303.7512231675,477.815034649031
4306.46949447044,365.328165710076
4309.18793944049,338.801857959466
4311.90536463271,390.236884338508
4314.62057839222,305.634087410122
4317.33596619657,331.989556214747
4320.04914460772,143.305746233542
4322.76249731464,176.578678803689
4325.47364266515,55.8108853160193
4328.18377256508,0.0
4330.89407713579,60.1574964758947
4333.60217739998,160.300416736642
4336.31045258409,185.425392004479
4339.0165254917,181.535843458583
4341.72158579693,165.630092621015
4344.42563406804,213.708158491814
4347.12985775518,381.768326989304
4349.83188321731,325.814076104021
4352.5328983478,423.843698805897
4355.23290371322,393.857214008631
4357.93189987971,393.854640604397
4360.62988741299,452.835997463888
4363.32686687834,421.80130343633
4366.02283884066,374.750577349514
4368.71780386437,299.683838009827
4371.41176251351,364.601104202267
4374.10471535169,292.502394690478
4376.7966629421,243.387728216787
4379.48760584749,379.257123502201
4382.17754463022,515.110599246465
4384.86647985221,375.948174128076
4387.55441207497,495.769866804305
4390.24016204888,647.577541362694
4392.9260903959,653.367532469838
4395.61101742545,577.14169720819
4398.29494369736,600.900054150414
4400.9766917182,572.644495066039
4403.65861859157,800.371298971688
4406.33954638407,693.082350664641
4409.01829891674,687.779562590013
4411.69723065973,760.459172199695
4414.37398913362,945.124992731971
4417.05092705546,981.773234012167
4419.72569369629,983.407736789113
4422.40064002205,1124.02468332638
4425.07341705225,1162.62794181881
4427.74520032776,1325.2156090916
4430.41716364235,1235.78575454506
4433.08696063441,1538.34228741939
4435.75576553317,1604.88328391167
4438.42475082364,1528.40679289052
4441.09157275873,1584.91676449715
4443.75740425818,1494.41125437305
4446.42224587366,1389.89028069143
4449.08726834866,1198.35186505868
4451.75013141518,947.800011924992
4454.41200625048,982.232749637889
4457.07289340458,956.650096288378
4459.73279342708,1008.05206994698
4462.3917068672,1048.43868866375
4465.04963427372,957.809970468325
4467.70657619505,887.165933369935
4470.36253317917,1061.50659535743
4473.01750577364,744.831974399316
4475.67149452565,626.142088443748
4478.32449998196,623.436955418598
4480.97535769257,805.718670545806
4483.62639862759,620.983103763412
4486.27645790455,537.232343565624
4488.92553606858,591.466407799357
4491.57247039216,612.687418273381
4494.21958839466,643.891191478298
4496.86572691702,752.079842526708
4499.50972452102,750.255513084936
4502.15390614309,940.413979724044
4504.79710991418,993.557377437757
4507.43817568323,1022.68786768006
4510.07942580803,1115.80118724301
4512.71853987166,1039.90164787132
4515.35783851534,1006.98495991748
4517.99500303616,930.055461455038
4520.63119380953,782.111013127424
4523.26756949813,727.149449269862
4525.9018139664,681.175147330341
4528.53624357258,471.183751836685
4531.1685438904,333.179666411379
4533.79987315336,265.160718755544
4536.43023189868,144.126926333754
4539.06077622529,99.076084159753
4541.68919511945,224.012648015017
4544.31664510554,121.934419387637
4546.9431267192,-25.1585843364574
4549.56864049571,284.733654209071
4552.1931869699,176.611152370981
4554.81676667627,339.473927476487
4557.43938014887,11.321996833276
4560.06102792139,351.155377729538
4562.68171052712,358.974087433975
4565.30142849894,613.778143195848
4567.92018236938,294.567562244982
4570.53797267053,483.342361791802
4573.15479993411,499.102559027348
4575.76951507216,479.850483945967
4578.38441827694,225.581534454443
4580.99836003673,198.298034101195
4583.6113408817,0.0
4586.22221341164,175.689787619081
4588.83327443767,78.3627436559673
4591.44337613676,128.021217163243
4594.05137237209,132.667582635318
4596.65955742385,73.2971485220805
4599.26563890943,358.914653066682
4601.87190942422,84.5153792973724
4604.47607826796,86.104090772682
4607.08043635306,163.676045158989
4609.68269465974,302.236031270682
4612.28514241934,473.779281471921
4614.88549229069,489.310609773564
4617.48603182588,435.82522329705
4620.08447536053,637.327961190451
4622.68196672217,617.816432243199
4625.27850643405,747.290653241633
4627.87523622972,896.748201583641
4630.46987379249,980.193966508999
4633.06356127328,910.62553163341
4635.65629919382,1118.04291366794
4638.24808807547,1252.4461293049
4640.83892843922,1272.83519521788
4643.42882080567,1617.21012806174
4646.01890398488,1570.56846151779
4648.60690150068,1529.91517191647
4651.19395257891,1373.24779910589
4653.77892069707,1473.56886118967
4656.36408087266,1210.87337785762
4658.94829616655,1183.163860994
4661.53156709668,669.440327123342
4664.11389418062,732.702792751639
4666.69527793554,234.951274366395
